100093326111006
100093062664329
100093480333391
100093221806431
100093070074194
100093387187881
100093081893124
100093301872252
100093182238428
100093440705221
100093495032691
100093458795454
100093387638823
100093160730400
100093564180120
100093416407917
100093509223068
100093377139416
100093360610340
100093127222127
100093340781087
100093494883664
100093264525161
100093500493535
100093430506780
100093572100050
100092980736658
100093507183116
100093230476704
100093066445573
100093388028993
100093353350620
100093023157905
100093274574601
100093561210554
100093416618086
100093200058757
100092974208541
100093163970621
100093084774652
100093372099692
100093315282511
100093413527693
100093495363814
100093047816490
100093310722812
100093385328966
100093221207577
100093343931213
100093404558065
