100093182510650
100093458106320
100093249826159
100093152782391
100093383230222
100093299505360
100093453155262
100093526173949
100092855122242
100093273047327
100093515763125
100093437017993
100093143813346
100093270196990
100093441905772
100093245256191
100093354461915
100093490145766
100093409478858
100093255377469
100093470107797
100093529984078
100093362351682
100093502504816
100093138413662
100093311803603
100093333542903
100093230149428
100093557700225
100093606840035
100093177801807
100093189258715
100093392708733
100093248296456
100093348852254
100093548101059
100093595950251
100093465937142
100093369970911
100093068397535
100093439328276
100093492125223
100092896882769
100093175402142
100093572281444
100093478896214
100093267496826
100093101485470
100093298005921
100093557042664
100093119833160
100093091915831
100093286365534
100093263537271
100093162531450
100093235728426
100093313334319
100093337483668
100092985020140
100093160372509
100093401200113
100093183500030
100093563281234
100093243846202
100092658207466
100092163266975
100093065817962
100093520264188
100093407470211
100093176030512
100092837482600
100093218449785
100093167151982
100093304484038
100093052346708
100093125874364
100093562712200
100093146064067
100093019278247
100093409538516
100093531271856
100092724265090
100093579301107
100093521464322
100093402246207
100093211669536
100093268366902
100093145253502
100093081016704
100092655266903
100093178881430
100093592380666
100093500314150
100093020937734
100093412687740
100093155571540
100093502985634
100093179181758
100093246048779
100093466236338
100093578040385
100093197450432
100093115644776
100093065757604
100093076226299
100093373481073
100093045897796
100092972409277
100093076555780
100093143484279
100093234799147
100093602340537
100093029269410
100093554792713
100093152481112
100093280305218
100093594570466
100093200300103
100093233688275
100093440377265
100093559921385
100093258196921
100093397060299
100093585900084
100092968570544
100093331963467
100093423638785
100093081806781
100093554433626
100093566972763
100093457927120
100093522123884
100093269087404
100093094215083
100093425319562
100093553711419
100093550741754
100093084886455
100093337752885
100093417729348
100093479166624
100093577711570
100093476226322
100093470316982
100092969241709
100093238399195
100093305283154
100093536163627
100093114775114
100093537993591
100093595831085
100093131333061
100093251767713
100093402216887
100093417010519
100093403417956
100093196509101
100093508474462
100093287864182
100093588031214
100093582001247
100093214669182
100092583326640
100093308834898
100093608100024
100093443138109
100093423849302
100093573542055
100093384610431
100093217659511
100093233088323
100093516813736
100093431918706
100093331573706
100093147023103
100093504545570
100093140873515
100093405789935
100093429998722
100093241996658
100093174110704
100093200479638
100093380440977
100093591091634
100093497163687
100093083085909
100093103553493