100093065817962
100093152141271
100093059396506
100092615397976
100093155021108
100093007790388
100093333581875
100093287554220
100092868231879
100093201619942
100092717216136
100093245256191
100093144491917
100093291575809
100093114775114
100093308594756
100092582846044
100092971630289
100093131774084
100093192489122
100093341911229
100093333542903
100092892741131
100093217659511
100093336032136
100093333031846
100093268686951
100093055337120
100093000379714
100093146392516
100093165640555
100092658207466
100092720964902
100093244686315
100093167352035
100093311642781
100093019278247
100093135763720
100092704613381
100093527523600
100092757143521
100093327661972
100093148211715
100093343743014
100092837482600
100093260867628
100093084886455
100093007398839
100093356640572
100093168280137
100093248808252
100093223579974
100092723605834
100093270574989
100092719646645
100093346380938
100093168790079
100093181881582
100093110035447
100093111205598
100093406689296
100093223449298
100093021947707
100093123174654
100093318912232
100093329924137
100093539224045
100093152771658
100093554882301
100092934800273
100093239016389
100092979886507
100093362220599
100092473556304
100092937561075
100093309693399
100093149440984
100093543783520
100093055876296
100092952410258
100093083264553
100092713134575
100093457477908
100093119833160
100092925650205
100093196928889
100093066016056
100093558422607
100093178809713
100093325772484
100092928682270
100093266657194
100093055128225
100093081016704
100093094185668
100093321011707
100093133823880
100092742746271
100093227826862
